$ANSIBLE_VAULT;1.1;AES256
34313237313335366232333665356437663636613163666561626639373661343533656461653665
3663373665643130313839313038633264396635306233360a343334303630356531633661313531
63313863396337643263656534336232633163356236363437303833393934366461316333643935
6365366137353530630a373564643735336137636266623863386234666463653830313038383536
66303534633662613238343361656639646138643063613939343435346130326162306339633465
34373934646264653537323131633964373338626239393039373736653765626332343938643762
37316537376261613836333634373065336637313136303465343832373164636362316236336239
62636531356138386636663161336465346366663935666262663333653133393039396633303732
31396361663035393364353135636664333464333939626238383761356163353532326432363365
33323965333834333631393134303066636162343863376434393664383339333265666131663365
64336161323138326537663863623839343461373763386536616664343330343330653336376237
61376662623631306332343338623838393736393837326566306665653135396638653931653130
39366636623062633234656234633965633838613134353133613365616632636164356537323530
63626633313065663839633763633635633031633764333430656362333335613539366265366536
61303839633961313465356436353433616338613437643539626233666363653937656131386137
66656464393737646631333262373839386138353530643533376462656432376461643565393837
64663933393337356631306334316530666230363836386563383438313661376535373037326562
62306664643862653030626131656461303061633265663035636463666331633563353836353338
33303134626165663765376531306361396330653365333330613135366632633662396234313639
31393566396666613363326330373566393839333962313962363866373762666131373032376631
37613334383363633932363363613530386331366365656238626333666634653039613964666533
35303062353932393937633933346638656339336161613434613137363239656262666163316562
31373635613135326238626632623531356631633237313666336134363934316662633961623134
64653164386432356237616338636366306630663562343565363137663261626162323432356236
34306366653838333861373638353231363532386431653937373032333031623862333962366361
63653764346561653566353131383863303865376664663435373238313636356132623136646466
38353238356361396335636665343337646134653462323363623536343837306535386332666334
31333031613561396663
